,begin,end,benchmatk,size,rps,worker,workers,repetitions
0,1644188954.7546668,1644188954.7680771,lock,64,120,1,9,600
1,1644188954.768082,1644188954.7798204,lock,64,120,1,9,600
2,1644188954.779824,1644188954.790695,lock,64,120,1,9,600
3,1644188954.7906983,1644188954.8028703,lock,64,120,1,9,600
4,1644188954.8028738,1644188954.813164,lock,64,120,1,9,600
5,1644188954.8131678,1644188954.8238251,lock,64,120,1,9,600
6,1644188954.8238292,1644188954.8342097,lock,64,120,1,9,600
7,1644188954.8342133,1644188954.8456843,lock,64,120,1,9,600
8,1644188954.8456876,1644188954.857618,lock,64,120,1,9,600
9,1644188954.8576214,1644188954.8686318,lock,64,120,1,9,600
10,1644188954.8686352,1644188954.8794253,lock,64,120,1,9,600
11,1644188954.8794286,1644188954.8915467,lock,64,120,1,9,600
12,1644188954.891551,1644188954.9029799,lock,64,120,1,9,600
13,1644188954.902984,1644188954.9137988,lock,64,120,1,9,600
14,1644188954.9138021,1644188954.9251873,lock,64,120,1,9,600
15,1644188954.925191,1644188954.9363527,lock,64,120,1,9,600
16,1644188954.9363563,1644188954.9486961,lock,64,120,1,9,600
17,1644188954.9486995,1644188954.9602883,lock,64,120,1,9,600
18,1644188954.9602926,1644188954.9729676,lock,64,120,1,9,600
19,1644188954.972971,1644188954.9838862,lock,64,120,1,9,600
20,1644188954.9838896,1644188954.9949389,lock,64,120,1,9,600
21,1644188954.994943,1644188955.0060275,lock,64,120,1,9,600
22,1644188955.006031,1644188955.0174494,lock,64,120,1,9,600
23,1644188955.017454,1644188955.0294955,lock,64,120,1,9,600
24,1644188955.0294988,1644188955.0415177,lock,64,120,1,9,600
25,1644188955.0415213,1644188955.0520782,lock,64,120,1,9,600
26,1644188955.0520816,1644188955.0638597,lock,64,120,1,9,600
27,1644188955.063864,1644188955.0825458,lock,64,120,1,9,600
28,1644188955.082549,1644188955.0970552,lock,64,120,1,9,600
29,1644188955.0970588,1644188955.1131313,lock,64,120,1,9,600
30,1644188955.1131346,1644188955.1260498,lock,64,120,1,9,600
31,1644188955.126053,1644188955.1373775,lock,64,120,1,9,600
32,1644188955.137382,1644188955.149147,lock,64,120,1,9,600
33,1644188955.1491504,1644188955.1608143,lock,64,120,1,9,600
34,1644188955.1608183,1644188955.1719317,lock,64,120,1,9,600
35,1644188955.171935,1644188955.183698,lock,64,120,1,9,600
36,1644188955.1837015,1644188955.1977215,lock,64,120,1,9,600
37,1644188955.1977253,1644188955.2083774,lock,64,120,1,9,600
38,1644188955.2083814,1644188955.2195003,lock,64,120,1,9,600
39,1644188955.2195036,1644188955.229913,lock,64,120,1,9,600
40,1644188955.2299173,1644188955.240431,lock,64,120,1,9,600
41,1644188955.2404342,1644188955.268197,lock,64,120,1,9,600
42,1644188955.2682004,1644188955.280198,lock,64,120,1,9,600
43,1644188955.2802014,1644188955.290996,lock,64,120,1,9,600
44,1644188955.2910004,1644188955.3020222,lock,64,120,1,9,600
45,1644188955.3020258,1644188955.3136766,lock,64,120,1,9,600
46,1644188955.3136806,1644188955.326153,lock,64,120,1,9,600
47,1644188955.3261576,1644188955.3411975,lock,64,120,1,9,600
48,1644188955.341201,1644188955.3517396,lock,64,120,1,9,600
49,1644188955.351743,1644188955.3623488,lock,64,120,1,9,600
50,1644188955.3623524,1644188955.373542,lock,64,120,1,9,600
51,1644188955.3735456,1644188955.3846056,lock,64,120,1,9,600
52,1644188955.3846087,1644188955.3967311,lock,64,120,1,9,600
53,1644188955.3967345,1644188955.4091964,lock,64,120,1,9,600
54,1644188955.4091997,1644188955.420294,lock,64,120,1,9,600
55,1644188955.4202974,1644188955.431669,lock,64,120,1,9,600
56,1644188955.4316723,1644188955.4426367,lock,64,120,1,9,600
57,1644188955.4426403,1644188955.4545095,lock,64,120,1,9,600
58,1644188955.454513,1644188955.4647715,lock,64,120,1,9,600
59,1644188955.464775,1644188955.4759374,lock,64,120,1,9,600
60,1644188955.4759412,1644188955.4879243,lock,64,120,1,9,600
61,1644188955.4879274,1644188955.4993687,lock,64,120,1,9,600
62,1644188955.499373,1644188955.5096757,lock,64,120,1,9,600
63,1644188955.509679,1644188955.5201583,lock,64,120,1,9,600
64,1644188955.5201616,1644188955.5309398,lock,64,120,1,9,600
65,1644188955.5309434,1644188955.541554,lock,64,120,1,9,600
66,1644188955.5415573,1644188955.5521786,lock,64,120,1,9,600
67,1644188955.552182,1644188955.5636258,lock,64,120,1,9,600
68,1644188955.5636299,1644188955.5758493,lock,64,120,1,9,600
69,1644188955.5758533,1644188955.5888817,lock,64,120,1,9,600
70,1644188955.588885,1644188955.6033614,lock,64,120,1,9,600
71,1644188955.6033647,1644188955.6183505,lock,64,120,1,9,600
72,1644188955.618354,1644188955.6309943,lock,64,120,1,9,600
73,1644188955.6309993,1644188955.6437013,lock,64,120,1,9,600
74,1644188955.6437054,1644188955.656422,lock,64,120,1,9,600
75,1644188955.656426,1644188955.6673217,lock,64,120,1,9,600
76,1644188955.667326,1644188955.6783338,lock,64,120,1,9,600
77,1644188955.678337,1644188955.6894536,lock,64,120,1,9,600
78,1644188955.6894567,1644188955.7005703,lock,64,120,1,9,600
79,1644188955.7005737,1644188955.711008,lock,64,120,1,9,600
80,1644188955.7110112,1644188955.7222052,lock,64,120,1,9,600
81,1644188955.7222085,1644188955.7507503,lock,64,120,1,9,600
82,1644188955.7507539,1644188955.7667634,lock,64,120,1,9,600
83,1644188955.766767,1644188955.778417,lock,64,120,1,9,600
84,1644188955.7784207,1644188955.7896028,lock,64,120,1,9,600
85,1644188955.7896073,1644188955.8024142,lock,64,120,1,9,600
86,1644188955.8024175,1644188955.8150098,lock,64,120,1,9,600
87,1644188955.8150132,1644188955.8260558,lock,64,120,1,9,600
88,1644188955.826059,1644188955.8370118,lock,64,120,1,9,600
89,1644188955.8370166,1644188955.8536248,lock,64,120,1,9,600
90,1644188955.8536282,1644188955.8687906,lock,64,120,1,9,600
91,1644188955.8687942,1644188955.8800132,lock,64,120,1,9,600
92,1644188955.8800175,1644188955.8918238,lock,64,120,1,9,600
93,1644188955.8918283,1644188955.9045398,lock,64,120,1,9,600
94,1644188955.9045432,1644188955.9197474,lock,64,120,1,9,600
95,1644188955.9197505,1644188955.9308803,lock,64,120,1,9,600
96,1644188955.9308836,1644188955.9425557,lock,64,120,1,9,600
97,1644188955.942559,1644188955.9534404,lock,64,120,1,9,600
98,1644188955.9534447,1644188955.9650323,lock,64,120,1,9,600
99,1644188955.9650357,1644188955.9758828,lock,64,120,1,9,600
100,1644188955.975886,1644188955.9863405,lock,64,120,1,9,600
101,1644188955.9863439,1644188955.998012,lock,64,120,1,9,600
102,1644188955.9980156,1644188956.0088983,lock,64,120,1,9,600
103,1644188956.008902,1644188956.0197475,lock,64,120,1,9,600
104,1644188956.0197506,1644188956.0307581,lock,64,120,1,9,600
105,1644188956.0307615,1644188956.0412505,lock,64,120,1,9,600
106,1644188956.0412538,1644188956.0526314,lock,64,120,1,9,600
107,1644188956.0526357,1644188956.0816379,lock,64,120,1,9,600
108,1644188956.081641,1644188956.0969467,lock,64,120,1,9,600
109,1644188956.09695,1644188956.1091218,lock,64,120,1,9,600
110,1644188956.1091251,1644188956.1212819,lock,64,120,1,9,600
111,1644188956.1212852,1644188956.1323633,lock,64,120,1,9,600
112,1644188956.1323678,1644188956.2003276,lock,64,120,1,9,600
113,1644188956.2003312,1644188956.2178135,lock,64,120,1,9,600
114,1644188956.217817,1644188956.2309175,lock,64,120,1,9,600
115,1644188956.2309206,1644188956.2433546,lock,64,120,1,9,600
116,1644188956.243359,1644188956.254901,lock,64,120,1,9,600
117,1644188956.2549043,1644188956.2663693,lock,64,120,1,9,600
118,1644188956.266373,1644188956.2779408,lock,64,120,1,9,600
119,1644188956.2779455,1644188956.2902489,lock,64,120,1,9,600
120,1644188956.2902532,1644188956.3019097,lock,64,120,1,9,600
121,1644188956.301913,1644188956.3133843,lock,64,120,1,9,600
122,1644188956.3133886,1644188956.3247485,lock,64,120,1,9,600
123,1644188956.3247526,1644188956.3362691,lock,64,120,1,9,600
124,1644188956.3362725,1644188956.3488061,lock,64,120,1,9,600
125,1644188956.3488104,1644188956.3595955,lock,64,120,1,9,600
126,1644188956.3595989,1644188956.3710008,lock,64,120,1,9,600
127,1644188956.3710046,1644188956.3884146,lock,64,120,1,9,600
128,1644188956.388418,1644188956.4013388,lock,64,120,1,9,600
129,1644188956.4013429,1644188956.4130843,lock,64,120,1,9,600
130,1644188956.4130876,1644188956.4245002,lock,64,120,1,9,600
131,1644188956.4245036,1644188956.4415097,lock,64,120,1,9,600
132,1644188956.441513,1644188956.4529395,lock,64,120,1,9,600
133,1644188956.4529428,1644188956.4634998,lock,64,120,1,9,600
134,1644188956.4635031,1644188956.4760487,lock,64,120,1,9,600
135,1644188956.476052,1644188956.4866905,lock,64,120,1,9,600
136,1644188956.486694,1644188956.4976258,lock,64,120,1,9,600
137,1644188956.4976294,1644188956.5083249,lock,64,120,1,9,600
138,1644188956.5083284,1644188956.5197675,lock,64,120,1,9,600
139,1644188956.5197718,1644188956.5323157,lock,64,120,1,9,600
140,1644188956.532319,1644188956.5482552,lock,64,120,1,9,600
141,1644188956.5482585,1644188956.5603113,lock,64,120,1,9,600
142,1644188956.560315,1644188956.5736141,lock,64,120,1,9,600
143,1644188956.5736175,1644188956.5918865,lock,64,120,1,9,600
144,1644188956.59189,1644188956.6024003,lock,64,120,1,9,600
145,1644188956.6024044,1644188956.616043,lock,64,120,1,9,600
146,1644188956.6160467,1644188956.628085,lock,64,120,1,9,600
147,1644188956.6280892,1644188956.6394784,lock,64,120,1,9,600
148,1644188956.6394823,1644188956.6522171,lock,64,120,1,9,600
149,1644188956.6522222,1644188956.6651044,lock,64,120,1,9,600
150,1644188956.665108,1644188956.6761348,lock,64,120,1,9,600
151,1644188956.6761384,1644188956.6869373,lock,64,120,1,9,600
152,1644188956.686941,1644188956.698516,lock,64,120,1,9,600
153,1644188956.6985192,1644188956.7095532,lock,64,120,1,9,600
154,1644188956.7095568,1644188956.7215352,lock,64,120,1,9,600
155,1644188956.7215388,1644188956.7323825,lock,64,120,1,9,600
156,1644188956.732386,1644188956.7432332,lock,64,120,1,9,600
157,1644188956.7432368,1644188956.7550492,lock,64,120,1,9,600
158,1644188956.7550535,1644188956.7658777,lock,64,120,1,9,600
159,1644188956.765881,1644188956.7768342,lock,64,120,1,9,600
160,1644188956.7768376,1644188956.7877746,lock,64,120,1,9,600
161,1644188956.7877781,1644188956.7991931,lock,64,120,1,9,600
162,1644188956.7991974,1644188956.8101327,lock,64,120,1,9,600
163,1644188956.810136,1644188956.8248832,lock,64,120,1,9,600
164,1644188956.8248868,1644188956.8358223,lock,64,120,1,9,600
165,1644188956.8358269,1644188956.8481684,lock,64,120,1,9,600
166,1644188956.848172,1644188956.858933,lock,64,120,1,9,600
167,1644188956.8589363,1644188956.8705204,lock,64,120,1,9,600
168,1644188956.870525,1644188956.8820498,lock,64,120,1,9,600
169,1644188956.8820531,1644188956.8940763,lock,64,120,1,9,600
170,1644188956.89408,1644188956.9056697,lock,64,120,1,9,600
171,1644188956.905673,1644188956.9164448,lock,64,120,1,9,600
172,1644188956.9164484,1644188956.9266584,lock,64,120,1,9,600
173,1644188956.9266617,1644188956.9387686,lock,64,120,1,9,600
174,1644188956.9387734,1644188956.9502113,lock,64,120,1,9,600
175,1644188956.9502146,1644188956.9617505,lock,64,120,1,9,600
176,1644188956.961754,1644188956.97357,lock,64,120,1,9,600
177,1644188956.9735746,1644188956.9898415,lock,64,120,1,9,600
178,1644188956.989845,1644188957.0012658,lock,64,120,1,9,600
179,1644188957.0012693,1644188957.0119948,lock,64,120,1,9,600
180,1644188957.0119984,1644188957.0241585,lock,64,120,1,9,600
181,1644188957.0241628,1644188957.035844,lock,64,120,1,9,600
182,1644188957.0358474,1644188957.0472727,lock,64,120,1,9,600
183,1644188957.0472767,1644188957.0586746,lock,64,120,1,9,600
184,1644188957.0586784,1644188957.0702431,lock,64,120,1,9,600
185,1644188957.0702467,1644188957.0868638,lock,64,120,1,9,600
186,1644188957.0868676,1644188957.1065218,lock,64,120,1,9,600
187,1644188957.1065252,1644188957.1174083,lock,64,120,1,9,600
188,1644188957.1174126,1644188957.1316092,lock,64,120,1,9,600
189,1644188957.1316123,1644188957.144127,lock,64,120,1,9,600
190,1644188957.1441302,1644188957.155444,lock,64,120,1,9,600
191,1644188957.1554472,1644188957.167511,lock,64,120,1,9,600
192,1644188957.1675143,1644188957.181488,lock,64,120,1,9,600
193,1644188957.1814914,1644188957.1930153,lock,64,120,1,9,600
194,1644188957.1930187,1644188957.2047822,lock,64,120,1,9,600
195,1644188957.2047856,1644188957.2170215,lock,64,120,1,9,600
196,1644188957.2170246,1644188957.2375402,lock,64,120,1,9,600
197,1644188957.237556,1644188957.2478795,lock,64,120,1,9,600
198,1644188957.2478828,1644188957.264633,lock,64,120,1,9,600
199,1644188957.2646372,1644188957.2766595,lock,64,120,1,9,600
200,1644188957.2766635,1644188957.2880902,lock,64,120,1,9,600
201,1644188957.2880933,1644188957.2988682,lock,64,120,1,9,600
202,1644188957.2988722,1644188957.3091779,lock,64,120,1,9,600
203,1644188957.3091812,1644188957.320751,lock,64,120,1,9,600
204,1644188957.3207545,1644188957.3330379,lock,64,120,1,9,600
205,1644188957.3330414,1644188957.3458514,lock,64,120,1,9,600
206,1644188957.3458557,1644188957.357339,lock,64,120,1,9,600
207,1644188957.3573432,1644188957.3693185,lock,64,120,1,9,600
208,1644188957.3693233,1644188957.380772,lock,64,120,1,9,600
209,1644188957.380776,1644188957.3981612,lock,64,120,1,9,600
210,1644188957.3981655,1644188957.409446,lock,64,120,1,9,600
211,1644188957.4094503,1644188957.426408,lock,64,120,1,9,600
212,1644188957.4264119,1644188957.4393165,lock,64,120,1,9,600
213,1644188957.439321,1644188957.4502904,lock,64,120,1,9,600
214,1644188957.4502952,1644188957.462792,lock,64,120,1,9,600
215,1644188957.462796,1644188957.473492,lock,64,120,1,9,600
216,1644188957.4734952,1644188957.4857306,lock,64,120,1,9,600
217,1644188957.485734,1644188957.4982345,lock,64,120,1,9,600
218,1644188957.4982378,1644188957.5092607,lock,64,120,1,9,600
219,1644188957.5092647,1644188957.5260184,lock,64,120,1,9,600
220,1644188957.5260217,1644188957.5371044,lock,64,120,1,9,600
221,1644188957.5371077,1644188957.561256,lock,64,120,1,9,600
222,1644188957.5612593,1644188957.5841835,lock,64,120,1,9,600
223,1644188957.584188,1644188957.5980196,lock,64,120,1,9,600
224,1644188957.5980227,1644188957.610548,lock,64,120,1,9,600
225,1644188957.610552,1644188957.6239066,lock,64,120,1,9,600
226,1644188957.62391,1644188957.6409504,lock,64,120,1,9,600
227,1644188957.640955,1644188957.6554332,lock,64,120,1,9,600
228,1644188957.6554368,1644188957.6660786,lock,64,120,1,9,600
229,1644188957.666082,1644188957.6768572,lock,64,120,1,9,600
230,1644188957.6768608,1644188957.68724,lock,64,120,1,9,600
231,1644188957.6872432,1644188957.6979809,lock,64,120,1,9,600
232,1644188957.697985,1644188957.7101545,lock,64,120,1,9,600
233,1644188957.7101579,1644188957.7222435,lock,64,120,1,9,600
234,1644188957.7222476,1644188957.734085,lock,64,120,1,9,600
235,1644188957.7340887,1644188957.7465518,lock,64,120,1,9,600
236,1644188957.7465553,1644188957.758117,lock,64,120,1,9,600
237,1644188957.7581205,1644188957.770129,lock,64,120,1,9,600
238,1644188957.7701325,1644188957.7876713,lock,64,120,1,9,600
239,1644188957.7876747,1644188957.7994292,lock,64,120,1,9,600
240,1644188957.7994328,1644188957.8113933,lock,64,120,1,9,600
241,1644188957.8113966,1644188957.8233745,lock,64,120,1,9,600
242,1644188957.823378,1644188957.8350308,lock,64,120,1,9,600
243,1644188957.8350341,1644188957.847037,lock,64,120,1,9,600
244,1644188957.8470407,1644188957.858808,lock,64,120,1,9,600
245,1644188957.8588116,1644188957.8723938,lock,64,120,1,9,600
246,1644188957.872397,1644188957.8832302,lock,64,120,1,9,600
247,1644188957.8832345,1644188957.8960485,lock,64,120,1,9,600
248,1644188957.8960526,1644188957.9079363,lock,64,120,1,9,600
249,1644188957.9079401,1644188957.919135,lock,64,120,1,9,600
250,1644188957.919138,1644188957.9300716,lock,64,120,1,9,600
251,1644188957.930075,1644188957.9413652,lock,64,120,1,9,600
252,1644188957.9413693,1644188957.95362,lock,64,120,1,9,600
253,1644188957.9536233,1644188957.9650676,lock,64,120,1,9,600
254,1644188957.9650717,1644188957.9768398,lock,64,120,1,9,600
255,1644188957.9768434,1644188957.9885898,lock,64,120,1,9,600
256,1644188957.988593,1644188958.0008285,lock,64,120,1,9,600
257,1644188958.000832,1644188958.012045,lock,64,120,1,9,600
258,1644188958.0120482,1644188958.0248225,lock,64,120,1,9,600
259,1644188958.024826,1644188958.0354693,lock,64,120,1,9,600
260,1644188958.0354729,1644188958.0483878,lock,64,120,1,9,600
261,1644188958.048391,1644188958.0595274,lock,64,120,1,9,600
262,1644188958.059531,1644188958.073472,lock,64,120,1,9,600
263,1644188958.0734756,1644188958.0866325,lock,64,120,1,9,600
264,1644188958.0866365,1644188958.1045563,lock,64,120,1,9,600
265,1644188958.1045609,1644188958.1170824,lock,64,120,1,9,600
266,1644188958.1170864,1644188958.138102,lock,64,120,1,9,600
267,1644188958.1381068,1644188958.1490557,lock,64,120,1,9,600
268,1644188958.1490593,1644188958.1617274,lock,64,120,1,9,600
269,1644188958.1617308,1644188958.1725829,lock,64,120,1,9,600
270,1644188958.1725876,1644188958.1832368,lock,64,120,1,9,600
271,1644188958.1832404,1644188958.194537,lock,64,120,1,9,600
272,1644188958.1945405,1644188958.2061596,lock,64,120,1,9,600
273,1644188958.2061632,1644188958.2173362,lock,64,120,1,9,600
274,1644188958.2173402,1644188958.2306492,lock,64,120,1,9,600
275,1644188958.2306528,1644188958.2419522,lock,64,120,1,9,600
276,1644188958.2419558,1644188958.2532187,lock,64,120,1,9,600
277,1644188958.253223,1644188958.264507,lock,64,120,1,9,600
278,1644188958.2645106,1644188958.2764447,lock,64,120,1,9,600
279,1644188958.276448,1644188958.295583,lock,64,120,1,9,600
280,1644188958.2955866,1644188958.306666,lock,64,120,1,9,600
281,1644188958.3066697,1644188958.3175564,lock,64,120,1,9,600
282,1644188958.31756,1644188958.340935,lock,64,120,1,9,600
283,1644188958.340939,1644188958.3532302,lock,64,120,1,9,600
284,1644188958.3532348,1644188958.3661342,lock,64,120,1,9,600
285,1644188958.3661377,1644188958.3769445,lock,64,120,1,9,600
286,1644188958.376948,1644188958.3884122,lock,64,120,1,9,600
287,1644188958.3884158,1644188958.4004588,lock,64,120,1,9,600
288,1644188958.400463,1644188958.4117382,lock,64,120,1,9,600
289,1644188958.4117417,1644188958.4223824,lock,64,120,1,9,600
290,1644188958.422386,1644188958.433406,lock,64,120,1,9,600
291,1644188958.4334097,1644188958.444373,lock,64,120,1,9,600
292,1644188958.4443762,1644188958.45527,lock,64,120,1,9,600
293,1644188958.4552736,1644188958.465785,lock,64,120,1,9,600
294,1644188958.4657886,1644188958.4766407,lock,64,120,1,9,600
295,1644188958.4766443,1644188958.4874022,lock,64,120,1,9,600
296,1644188958.4874058,1644188958.4995463,lock,64,120,1,9,600
297,1644188958.4995499,1644188958.513195,lock,64,120,1,9,600
298,1644188958.5131986,1644188958.524838,lock,64,120,1,9,600
299,1644188958.5248418,1644188958.536875,lock,64,120,1,9,600
300,1644188958.5368783,1644188958.5481544,lock,64,120,1,9,600
301,1644188958.548158,1644188958.559114,lock,64,120,1,9,600
302,1644188958.5591176,1644188958.5702033,lock,64,120,1,9,600
303,1644188958.5702066,1644188958.584044,lock,64,120,1,9,600
304,1644188958.5840473,1644188958.5975366,lock,64,120,1,9,600
305,1644188958.597541,1644188958.610251,lock,64,120,1,9,600
306,1644188958.6102545,1644188958.6222293,lock,64,120,1,9,600
307,1644188958.6222327,1644188958.6335201,lock,64,120,1,9,600
308,1644188958.6335244,1644188958.6453483,lock,64,120,1,9,600
309,1644188958.645352,1644188958.6570053,lock,64,120,1,9,600
310,1644188958.6570094,1644188958.6716995,lock,64,120,1,9,600
311,1644188958.671703,1644188958.6827414,lock,64,120,1,9,600
312,1644188958.6827457,1644188958.6939356,lock,64,120,1,9,600
313,1644188958.6939392,1644188958.7050443,lock,64,120,1,9,600
314,1644188958.7050478,1644188958.7159243,lock,64,120,1,9,600
315,1644188958.7159283,1644188958.7269347,lock,64,120,1,9,600
316,1644188958.726938,1644188958.7375212,lock,64,120,1,9,600
317,1644188958.7375247,1644188958.7483556,lock,64,120,1,9,600
318,1644188958.748359,1644188958.7592974,lock,64,120,1,9,600
319,1644188958.759301,1644188958.770875,lock,64,120,1,9,600
320,1644188958.7708793,1644188958.7830052,lock,64,120,1,9,600
321,1644188958.7830088,1644188958.7944026,lock,64,120,1,9,600
322,1644188958.794407,1644188958.8062801,lock,64,120,1,9,600
323,1644188958.8062837,1644188958.817017,lock,64,120,1,9,600
324,1644188958.8170207,1644188958.828281,lock,64,120,1,9,600
325,1644188958.828285,1644188958.8396406,lock,64,120,1,9,600
326,1644188958.8396442,1644188958.8509068,lock,64,120,1,9,600
327,1644188958.8509104,1644188958.8622284,lock,64,120,1,9,600
328,1644188958.862232,1644188958.8736732,lock,64,120,1,9,600
329,1644188958.8736768,1644188958.8845603,lock,64,120,1,9,600
330,1644188958.884564,1644188958.8963027,lock,64,120,1,9,600
331,1644188958.8963063,1644188958.9136071,lock,64,120,1,9,600
332,1644188958.9136107,1644188958.9267857,lock,64,120,1,9,600
333,1644188958.926789,1644188958.9386191,lock,64,120,1,9,600
334,1644188958.9386237,1644188958.9518435,lock,64,120,1,9,600
335,1644188958.9518485,1644188958.9655194,lock,64,120,1,9,600
336,1644188958.9655228,1644188958.9773507,lock,64,120,1,9,600
337,1644188958.977354,1644188958.9890554,lock,64,120,1,9,600
338,1644188958.9890587,1644188959.000388,lock,64,120,1,9,600
339,1644188959.0003912,1644188959.0125244,lock,64,120,1,9,600
340,1644188959.0125282,1644188959.0257335,lock,64,120,1,9,600
341,1644188959.0257368,1644188959.0365083,lock,64,120,1,9,600
342,1644188959.0365117,1644188959.0475748,lock,64,120,1,9,600
343,1644188959.047579,1644188959.081101,lock,64,120,1,9,600
344,1644188959.0811055,1644188959.0966208,lock,64,120,1,9,600
345,1644188959.0966241,1644188959.1079874,lock,64,120,1,9,600
346,1644188959.107991,1644188959.1192765,lock,64,120,1,9,600
347,1644188959.11928,1644188959.1297257,lock,64,120,1,9,600
348,1644188959.129729,1644188959.1461446,lock,64,120,1,9,600
349,1644188959.1461487,1644188959.1584132,lock,64,120,1,9,600
350,1644188959.1584175,1644188959.1706233,lock,64,120,1,9,600
351,1644188959.1706266,1644188959.181533,lock,64,120,1,9,600
352,1644188959.1815364,1644188959.1927924,lock,64,120,1,9,600
353,1644188959.1927958,1644188959.204052,lock,64,120,1,9,600
354,1644188959.2040565,1644188959.2243013,lock,64,120,1,9,600
355,1644188959.2243054,1644188959.2372954,lock,64,120,1,9,600
356,1644188959.2372987,1644188959.2480307,lock,64,120,1,9,600
357,1644188959.248034,1644188959.259009,lock,64,120,1,9,600
358,1644188959.2590125,1644188959.2700675,lock,64,120,1,9,600
359,1644188959.2700708,1644188959.2804544,lock,64,120,1,9,600
360,1644188959.280459,1644188959.291756,lock,64,120,1,9,600
361,1644188959.2917597,1644188959.3042173,lock,64,120,1,9,600
362,1644188959.3042216,1644188959.3152263,lock,64,120,1,9,600
363,1644188959.3152297,1644188959.3264368,lock,64,120,1,9,600
364,1644188959.32644,1644188959.3375237,lock,64,120,1,9,600
365,1644188959.3375273,1644188959.3481047,lock,64,120,1,9,600
366,1644188959.348108,1644188959.3598557,lock,64,120,1,9,600
367,1644188959.3598592,1644188959.3724382,lock,64,120,1,9,600
368,1644188959.3724418,1644188959.3844721,lock,64,120,1,9,600
369,1644188959.3844757,1644188959.3955362,lock,64,120,1,9,600
370,1644188959.3955398,1644188959.4086685,lock,64,120,1,9,600
371,1644188959.408672,1644188959.4203532,lock,64,120,1,9,600
372,1644188959.4203572,1644188959.4317744,lock,64,120,1,9,600
373,1644188959.4317777,1644188959.4429815,lock,64,120,1,9,600
374,1644188959.4429848,1644188959.4567327,lock,64,120,1,9,600
375,1644188959.456736,1644188959.4681935,lock,64,120,1,9,600
376,1644188959.4681969,1644188959.480551,lock,64,120,1,9,600
377,1644188959.4805543,1644188959.4936197,lock,64,120,1,9,600
378,1644188959.493623,1644188959.5048025,lock,64,120,1,9,600
379,1644188959.504806,1644188959.5155993,lock,64,120,1,9,600
380,1644188959.5156028,1644188959.5261605,lock,64,120,1,9,600
381,1644188959.526164,1644188959.536648,lock,64,120,1,9,600
382,1644188959.5366516,1644188959.5489006,lock,64,120,1,9,600
383,1644188959.5489042,1644188959.5599515,lock,64,120,1,9,600
384,1644188959.559955,1644188959.572109,lock,64,120,1,9,600
385,1644188959.5721128,1644188959.5848694,lock,64,120,1,9,600
386,1644188959.5848727,1644188959.5972157,lock,64,120,1,9,600
387,1644188959.597219,1644188959.6078968,lock,64,120,1,9,600
388,1644188959.6079001,1644188959.619095,lock,64,120,1,9,600
389,1644188959.6190984,1644188959.6320565,lock,64,120,1,9,600
390,1644188959.6320598,1644188959.6438422,lock,64,120,1,9,600
391,1644188959.6438456,1644188959.654226,lock,64,120,1,9,600
392,1644188959.6542294,1644188959.666629,lock,64,120,1,9,600
393,1644188959.6666334,1644188959.6773183,lock,64,120,1,9,600
394,1644188959.6773217,1644188959.688993,lock,64,120,1,9,600
395,1644188959.6889963,1644188959.7032971,lock,64,120,1,9,600
396,1644188959.7033014,1644188959.7146363,lock,64,120,1,9,600
397,1644188959.7146406,1644188959.7260582,lock,64,120,1,9,600
398,1644188959.7260616,1644188959.737828,lock,64,120,1,9,600
399,1644188959.7378314,1644188959.7506766,lock,64,120,1,9,600
400,1644188959.7506812,1644188959.7630436,lock,64,120,1,9,600
401,1644188959.7630482,1644188959.7748647,lock,64,120,1,9,600
402,1644188959.774868,1644188959.7865155,lock,64,120,1,9,600
403,1644188959.786519,1644188959.7977276,lock,64,120,1,9,600
404,1644188959.797731,1644188959.809024,lock,64,120,1,9,600
405,1644188959.8090274,1644188959.8196867,lock,64,120,1,9,600
406,1644188959.8196912,1644188959.836151,lock,64,120,1,9,600
407,1644188959.8361542,1644188959.8483195,lock,64,120,1,9,600
408,1644188959.848323,1644188959.860557,lock,64,120,1,9,600
409,1644188959.8605607,1644188959.873052,lock,64,120,1,9,600
410,1644188959.8730555,1644188959.8849623,lock,64,120,1,9,600
411,1644188959.884966,1644188959.89735,lock,64,120,1,9,600
412,1644188959.8973536,1644188959.9085279,lock,64,120,1,9,600
413,1644188959.9085312,1644188959.919009,lock,64,120,1,9,600
414,1644188959.9190125,1644188959.929743,lock,64,120,1,9,600
415,1644188959.9297466,1644188959.9407897,lock,64,120,1,9,600
416,1644188959.9407933,1644188959.9520695,lock,64,120,1,9,600
417,1644188959.952073,1644188959.9643676,lock,64,120,1,9,600
418,1644188959.9643712,1644188959.975551,lock,64,120,1,9,600
419,1644188959.9755542,1644188959.9859989,lock,64,120,1,9,600
420,1644188959.9860022,1644188959.9990156,lock,64,120,1,9,600
421,1644188959.999019,1644188960.0094068,lock,64,120,1,9,600
422,1644188960.0094101,1644188960.020156,lock,64,120,1,9,600
423,1644188960.0201592,1644188960.0337515,lock,64,120,1,9,600
424,1644188960.033755,1644188960.0466616,lock,64,120,1,9,600
425,1644188960.046665,1644188960.0576782,lock,64,120,1,9,600
426,1644188960.0576816,1644188960.0685256,lock,64,120,1,9,600
427,1644188960.0685291,1644188960.0793037,lock,64,120,1,9,600
428,1644188960.079307,1644188960.0917022,lock,64,120,1,9,600
429,1644188960.0917056,1644188960.102555,lock,64,120,1,9,600
430,1644188960.1025584,1644188960.1140723,lock,64,120,1,9,600
431,1644188960.114076,1644188960.1273448,lock,64,120,1,9,600
432,1644188960.1273484,1644188960.137743,lock,64,120,1,9,600
433,1644188960.1377463,1644188960.1483877,lock,64,120,1,9,600
434,1644188960.1483912,1644188960.1593897,lock,64,120,1,9,600
435,1644188960.1593933,1644188960.1698909,lock,64,120,1,9,600
436,1644188960.1698945,1644188960.1803248,lock,64,120,1,9,600
437,1644188960.1803281,1644188960.1909125,lock,64,120,1,9,600
438,1644188960.190916,1644188960.2019997,lock,64,120,1,9,600
439,1644188960.2020032,1644188960.2125957,lock,64,120,1,9,600
440,1644188960.212599,1644188960.2238529,lock,64,120,1,9,600
441,1644188960.223889,1644188960.2357473,lock,64,120,1,9,600
442,1644188960.235751,1644188960.246951,lock,64,120,1,9,600
443,1644188960.2469547,1644188960.2576282,lock,64,120,1,9,600
444,1644188960.2576318,1644188960.2688634,lock,64,120,1,9,600
445,1644188960.268867,1644188960.2799306,lock,64,120,1,9,600
446,1644188960.2799342,1644188960.2914546,lock,64,120,1,9,600
447,1644188960.2914581,1644188960.3034668,lock,64,120,1,9,600
448,1644188960.303471,1644188960.3161902,lock,64,120,1,9,600
449,1644188960.3161938,1644188960.3287294,lock,64,120,1,9,600
450,1644188960.328733,1644188960.3399239,lock,64,120,1,9,600
451,1644188960.3399274,1644188960.3505218,lock,64,120,1,9,600
452,1644188960.3505251,1644188960.3608375,lock,64,120,1,9,600
453,1644188960.360841,1644188960.371855,lock,64,120,1,9,600
454,1644188960.3718584,1644188960.3826635,lock,64,120,1,9,600
455,1644188960.382667,1644188960.392716,lock,64,120,1,9,600
456,1644188960.3927193,1644188960.4037635,lock,64,120,1,9,600
457,1644188960.403767,1644188960.4148438,lock,64,120,1,9,600
458,1644188960.4148474,1644188960.4266014,lock,64,120,1,9,600
459,1644188960.426605,1644188960.4374204,lock,64,120,1,9,600
460,1644188960.4374247,1644188960.4499571,lock,64,120,1,9,600
461,1644188960.4499607,1644188960.4611912,lock,64,120,1,9,600
462,1644188960.4611948,1644188960.4717252,lock,64,120,1,9,600
463,1644188960.471729,1644188960.4822948,lock,64,120,1,9,600
464,1644188960.4822984,1644188960.4941518,lock,64,120,1,9,600
465,1644188960.4941552,1644188960.505069,lock,64,120,1,9,600
466,1644188960.5050724,1644188960.5155625,lock,64,120,1,9,600
467,1644188960.515566,1644188960.5261817,lock,64,120,1,9,600
468,1644188960.526185,1644188960.5370517,lock,64,120,1,9,600
469,1644188960.5370555,1644188960.5481434,lock,64,120,1,9,600
470,1644188960.5481467,1644188960.55995,lock,64,120,1,9,600
471,1644188960.5599537,1644188960.5765717,lock,64,120,1,9,600
472,1644188960.5765753,1644188960.5896244,lock,64,120,1,9,600
473,1644188960.5896287,1644188960.6081474,lock,64,120,1,9,600
474,1644188960.6081507,1644188960.6288104,lock,64,120,1,9,600
475,1644188960.628815,1644188960.64062,lock,64,120,1,9,600
476,1644188960.640624,1644188960.6514027,lock,64,120,1,9,600
477,1644188960.651406,1644188960.662712,lock,64,120,1,9,600
478,1644188960.6627154,1644188960.6748347,lock,64,120,1,9,600
479,1644188960.674838,1644188960.6855938,lock,64,120,1,9,600
480,1644188960.6855972,1644188960.6968427,lock,64,120,1,9,600
481,1644188960.6968462,1644188960.7077467,lock,64,120,1,9,600
482,1644188960.7077503,1644188960.7243402,lock,64,120,1,9,600
483,1644188960.7243438,1644188960.7349503,lock,64,120,1,9,600
484,1644188960.7349536,1644188960.7459831,lock,64,120,1,9,600
485,1644188960.7459867,1644188960.7567086,lock,64,120,1,9,600
486,1644188960.756712,1644188960.768116,lock,64,120,1,9,600
487,1644188960.7681193,1644188960.7793021,lock,64,120,1,9,600
488,1644188960.7793055,1644188960.793948,lock,64,120,1,9,600
489,1644188960.7939513,1644188960.804909,lock,64,120,1,9,600
490,1644188960.8049126,1644188960.8157294,lock,64,120,1,9,600
491,1644188960.8157327,1644188960.8293333,lock,64,120,1,9,600
492,1644188960.8293366,1644188960.8402536,lock,64,120,1,9,600
493,1644188960.8402572,1644188960.8514416,lock,64,120,1,9,600
494,1644188960.851445,1644188960.8624291,lock,64,120,1,9,600
495,1644188960.8624327,1644188960.8731546,lock,64,120,1,9,600
496,1644188960.8731582,1644188960.8847585,lock,64,120,1,9,600
497,1644188960.8847618,1644188960.8961265,lock,64,120,1,9,600
498,1644188960.8961296,1644188960.9070542,lock,64,120,1,9,600
499,1644188960.9070575,1644188960.9174306,lock,64,120,1,9,600
500,1644188960.9174337,1644188960.9279277,lock,64,120,1,9,600
501,1644188960.9279313,1644188960.9387808,lock,64,120,1,9,600
502,1644188960.9387844,1644188960.9501376,lock,64,120,1,9,600
503,1644188960.950141,1644188960.9609609,lock,64,120,1,9,600
504,1644188960.9609642,1644188960.9726038,lock,64,120,1,9,600
505,1644188960.9726071,1644188960.9862843,lock,64,120,1,9,600
506,1644188960.9862885,1644188960.997064,lock,64,120,1,9,600
507,1644188960.9970686,1644188961.0093832,lock,64,120,1,9,600
508,1644188961.0093865,1644188961.0196004,lock,64,120,1,9,600
509,1644188961.019604,1644188961.030243,lock,64,120,1,9,600
510,1644188961.0302463,1644188961.0417461,lock,64,120,1,9,600
511,1644188961.0417495,1644188961.0531166,lock,64,120,1,9,600
512,1644188961.0531204,1644188961.0694613,lock,64,120,1,9,600
513,1644188961.0694656,1644188961.083339,lock,64,120,1,9,600
514,1644188961.0833426,1644188961.094212,lock,64,120,1,9,600
515,1644188961.0942154,1644188961.1063097,lock,64,120,1,9,600
516,1644188961.1063132,1644188961.118455,lock,64,120,1,9,600
517,1644188961.1184595,1644188961.130761,lock,64,120,1,9,600
518,1644188961.1307642,1644188961.1464224,lock,64,120,1,9,600
519,1644188961.1464255,1644188961.1568282,lock,64,120,1,9,600
520,1644188961.1568315,1644188961.1693578,lock,64,120,1,9,600
521,1644188961.169361,1644188961.1799695,lock,64,120,1,9,600
522,1644188961.1799731,1644188961.1924064,lock,64,120,1,9,600
523,1644188961.1924102,1644188961.204087,lock,64,120,1,9,600
524,1644188961.204091,1644188961.2151978,lock,64,120,1,9,600
525,1644188961.2152014,1644188961.2259765,lock,64,120,1,9,600
526,1644188961.2259798,1644188961.2377207,lock,64,120,1,9,600
527,1644188961.237726,1644188961.2491431,lock,64,120,1,9,600
528,1644188961.2491465,1644188961.260089,lock,64,120,1,9,600
529,1644188961.260092,1644188961.2706337,lock,64,120,1,9,600
530,1644188961.270637,1644188961.2813148,lock,64,120,1,9,600
531,1644188961.2813182,1644188961.2932048,lock,64,120,1,9,600
532,1644188961.2932081,1644188961.3039217,lock,64,120,1,9,600
533,1644188961.303925,1644188961.3152761,lock,64,120,1,9,600
534,1644188961.3152807,1644188961.3270814,lock,64,120,1,9,600
535,1644188961.3270848,1644188961.3388839,lock,64,120,1,9,600
536,1644188961.3388884,1644188961.350466,lock,64,120,1,9,600
537,1644188961.3504694,1644188961.361634,lock,64,120,1,9,600
538,1644188961.3616383,1644188961.373425,lock,64,120,1,9,600
539,1644188961.373428,1644188961.3845415,lock,64,120,1,9,600
540,1644188961.3845448,1644188961.4067454,lock,64,120,1,9,600
541,1644188961.4067495,1644188961.418818,lock,64,120,1,9,600
542,1644188961.4188213,1644188961.429793,lock,64,120,1,9,600
543,1644188961.429796,1644188961.4408886,lock,64,120,1,9,600
544,1644188961.440892,1644188961.45161,lock,64,120,1,9,600
545,1644188961.4516134,1644188961.4631166,lock,64,120,1,9,600
546,1644188961.4631195,1644188961.4750926,lock,64,120,1,9,600
547,1644188961.4750962,1644188961.4860308,lock,64,120,1,9,600
548,1644188961.4860344,1644188961.4966526,lock,64,120,1,9,600
549,1644188961.496656,1644188961.507484,lock,64,120,1,9,600
550,1644188961.5074875,1644188961.5194762,lock,64,120,1,9,600
551,1644188961.519481,1644188961.5319061,lock,64,120,1,9,600
552,1644188961.5319092,1644188961.5425265,lock,64,120,1,9,600
553,1644188961.5425296,1644188961.553173,lock,64,120,1,9,600
554,1644188961.5531764,1644188961.5653043,lock,64,120,1,9,600
555,1644188961.5653079,1644188961.5825686,lock,64,120,1,9,600
556,1644188961.5825722,1644188961.5945978,lock,64,120,1,9,600
557,1644188961.5946012,1644188961.615084,lock,64,120,1,9,600
558,1644188961.6150885,1644188961.6269858,lock,64,120,1,9,600
559,1644188961.6269891,1644188961.6416335,lock,64,120,1,9,600
560,1644188961.641637,1644188961.6550505,lock,64,120,1,9,600
561,1644188961.6550539,1644188961.6659622,lock,64,120,1,9,600
562,1644188961.6659656,1644188961.677551,lock,64,120,1,9,600
563,1644188961.6775548,1644188961.6885002,lock,64,120,1,9,600
564,1644188961.6885037,1644188961.6995914,lock,64,120,1,9,600
565,1644188961.6995947,1644188961.7109647,lock,64,120,1,9,600
566,1644188961.710968,1644188961.7223961,lock,64,120,1,9,600
567,1644188961.7223995,1644188961.733857,lock,64,120,1,9,600
568,1644188961.7338603,1644188961.7451653,lock,64,120,1,9,600
569,1644188961.7451687,1644188961.7559237,lock,64,120,1,9,600
570,1644188961.755927,1644188961.766688,lock,64,120,1,9,600
571,1644188961.7666922,1644188961.7784588,lock,64,120,1,9,600
572,1644188961.7784631,1644188961.7903645,lock,64,120,1,9,600
573,1644188961.790369,1644188961.8026268,lock,64,120,1,9,600
574,1644188961.8026307,1644188961.8125997,lock,64,120,1,9,600
575,1644188961.812603,1644188961.8239927,lock,64,120,1,9,600
576,1644188961.823996,1644188961.8357391,lock,64,120,1,9,600
577,1644188961.8357427,1644188961.8471713,lock,64,120,1,9,600
578,1644188961.8471746,1644188961.8591714,lock,64,120,1,9,600
579,1644188961.8591747,1644188961.8711538,lock,64,120,1,9,600
580,1644188961.8711572,1644188961.883257,lock,64,120,1,9,600
581,1644188961.8832605,1644188961.8956316,lock,64,120,1,9,600
582,1644188961.8956351,1644188961.9073277,lock,64,120,1,9,600
583,1644188961.907331,1644188961.9181874,lock,64,120,1,9,600
584,1644188961.9181905,1644188961.9295802,lock,64,120,1,9,600
585,1644188961.9295835,1644188961.9608788,lock,64,120,1,9,600
586,1644188961.9608822,1644188961.971763,lock,64,120,1,9,600
587,1644188961.9717662,1644188961.9822185,lock,64,120,1,9,600
588,1644188961.9822218,1644188961.9933648,lock,64,120,1,9,600
589,1644188961.9933681,1644188962.0054893,lock,64,120,1,9,600
590,1644188962.0054927,1644188962.0173237,lock,64,120,1,9,600
591,1644188962.017327,1644188962.0276546,lock,64,120,1,9,600
592,1644188962.0276582,1644188962.0387285,lock,64,120,1,9,600
593,1644188962.0387318,1644188962.0500026,lock,64,120,1,9,600
594,1644188962.0500064,1644188962.0610092,lock,64,120,1,9,600
595,1644188962.0610125,1644188962.0765183,lock,64,120,1,9,600
596,1644188962.0765219,1644188962.0926569,lock,64,120,1,9,600
597,1644188962.0926602,1644188962.1078558,lock,64,120,1,9,600
598,1644188962.1078594,1644188962.1201732,lock,64,120,1,9,600
599,1644188962.1201773,1644188962.1326914,lock,64,120,1,9,600
600,1644188954.7086797,-1.0,lock,64,120,1,9,600
601,1644188962.1326947,-2.0,lock,64,120,1,9,600
